    0.000000000
    0.180360000
    0.388246000
    0.581797000
    0.767607000
    0.922568000
    1.081643000
    1.253941000
    1.408316000
    1.619768000
    1.809493000
    1.965463000
    2.117666000
    2.347221000
    2.533521000
    2.725963000
    2.963574000
    3.204665000
    3.416982000
    3.418982000
    3.596183000
    3.773961000
    3.974906000
    4.214143000
    4.450008000
    4.632864000
    4.811842000
    5.040005000
    5.217784000
    5.419246000
    5.635548000
    5.829150000
    6.030658000
    6.032658000
    6.233663000
    6.414487000
    6.613729000
    6.775365000
    6.949846000
    6.951846000
    7.190388000
    7.418693000
    7.575326000
    7.758606000
    7.997614000
    8.193027000
    8.352081000
    8.593501000
    8.775679000
    8.950971000
    9.191320000
    9.364058000
    9.528686000
    9.716688000
    9.907867000
    10.136701000
    10.308406000
    10.533658000
    10.763629000
    10.983084000
    11.195491000
    11.379433000
    11.607652000
    11.763674000
    11.947773000
    12.134288000
    12.319327000
    12.482834000
    12.724783000
    12.963518000
    13.196689000
    13.371002000
    13.556782000
    13.750358000
    13.956058000
    14.139839000
    14.300344000
    14.505846000
    14.698940000
    14.856349000
    15.073925000
    15.297247000
    15.538472000
    15.753727000
    15.993770000
    16.207550000
    16.448395000
    16.634033000
    16.815901000
    17.048748000
    17.231953000
    17.387099000
    17.537896000
    17.737805000
    17.896737000
    18.102494000
    18.344111000
    18.557760000
    18.787334000
    18.945484000
    19.182414000
    19.409681000
    19.618606000