 0.000000000
    0.180350120
    0.388225920
    0.581766760
    0.767566720
    0.922520120
    1.081587000
    1.253876080
    1.408242920
    1.619683360
    1.809398920
    1.965360640
    2.117555400
    2.347098920
    2.533388880
    2.725821080
    2.963420040
    3.204498320
    3.416804240
    3.595995480
    3.773764920
    3.974699320
    4.213923920
    4.449776320
    4.632622520
    4.811591880
    5.039742560
    5.217512480
    5.418964320
    5.635255040
    5.828846840
    6.030343960
    6.233338160
    6.414153280
    6.613384680
    6.775012720
    6.949484480
    7.190013880
    7.418307240
    7.574931280
    7.758202240
    7.997197960
    8.192600720
    8.351646120
    8.593053800
    8.775222080
    8.950504640
    9.190841160
    9.363570440
    9.528190040
    9.716182320
    9.907351560
    10.136172800
    10.307869520
    10.533109200
    10.763068560
    10.982511840
    11.194908280
    11.378840400
    11.607047480
    11.763061880
    11.947150680
    12.133655760
    12.318685760
    12.482184120
    12.724120800
    12.962842960
    13.196002240
    13.370305800
    13.556076320
    13.749641880
    13.955331560
    14.139103000
    14.299598960
    14.505090560
    14.698174880
    14.855575080
    15.073140480
    15.296450160
    15.537663160
    15.752906560
    15.992936640
    16.206706320
    16.447538440
    16.633166480
    16.815025400
    17.047860280
    17.231055160
    17.386193120
    17.536982160
    17.736880920
    17.895804640
    18.101551600
    18.343155720
    18.556793840
    18.786355520
    18.944497200
    19.181414400
    19.408669600
    19.617583880