0.000000000
0.000201130
0.000402260
0.000602900
0.000804030
0.001005160
0.001206290
0.001406930
0.001608060
0.001809190
0.002010320
0.002210960
0.002412090
0.002613220
0.002814350
0.003015480
0.003216120
0.003417250
0.003618380
0.003819510
0.004020150
0.004221280
0.004422410
0.004623540
0.004824180
0.005025310
0.005226440
0.005427570
0.005628210
0.005829340
0.006030470
0.006231600
0.006432240
0.006633370
0.006834500
0.007035630
0.007236270
0.007437400
0.007638530
0.007839660
0.008040300
0.008241430
0.008442560
0.008643690
0.008844330
0.009045460
0.009246590
0.009447720
0.009648360
0.009849490
0.010050620
0.010251750
0.010452390
0.010653520
0.010854650
0.011055780
0.011256420
0.011457550
0.011658680
0.011859810
0.012060450
0.012261580
0.012462710
0.012663840
0.012864480
0.013065610
0.013266740
0.013467870
0.013668510
0.013869640
0.014070770
0.014271900
0.014472540
0.014673670
0.014874800
0.015075930
0.015276570
0.015477700
0.015678830
0.015879960
0.016080600
0.016281730
0.016482860
0.016683990
0.016885120
0.017085760
0.017286890
0.017488020
0.017689150
0.017889790
0.018090920
0.018292050
0.018493180
0.018693820
0.018894950
0.019096080
0.019297210
0.019497850
0.019698980
0.019900110
0.020101240
0.020301880
0.020503010
0.020704140
0.020905270
0.021105910
0.021307040
0.021508170
0.021709300
0.021909940
0.022111070
0.022312200
0.022513330
0.022713970
0.022915100
0.023116230
0.023317360
0.023518000
0.023719130
0.023920260
0.024121390
0.024322030
0.024523160
0.024724290
0.024925420
0.025126060
0.025327190
0.025528320
0.025729450
0.025930090
0.026131220
0.026332350
0.026533480
0.026734120
0.026935250
0.027136380
0.027337510
0.027538150
0.027739280
0.027940410
0.028141540
0.028342180
0.028543310
0.028744440
0.028945570
0.029146210
0.029347340
0.029548470
0.029749600
0.029950730
0.030151370
0.030352500
0.030553630
0.030754760
0.030955400
0.031156530
0.031357660
0.031558790
0.031759430
0.031960560
0.032161690
0.032362820
0.032563460
0.032764590
0.032965720
0.033166850
0.033367490
0.033568620
0.033769750
0.033970880
0.034171520
0.034372650
0.034573780
0.034774910
0.034975550
0.035176680
0.035377810
0.035578940
0.035779580
0.035980710
0.036181840
0.036382970
0.036583610
0.036784740
0.036985870
0.037187000
0.037387640
0.037588770
0.037789900
0.037991030
0.038191670
0.038392800
0.038593930
0.038795060
0.038995700
0.039196830
0.039397960
0.039599090
0.039799730
0.040000860
0.040201990
0.040403120
0.040603760
0.040804890
0.041006020
0.041207150
0.041407790
0.041608920
0.041810050
0.042011180
0.042211820
0.042412950
0.042614080
0.042815210
0.043015850
0.043216980
0.043418110
0.043619240
0.043820370
0.044021010
0.044222140
0.044423270
0.044624400
0.044825040
0.045026170
0.045227300
0.045428430
0.045629070
0.045830200
0.046031330
0.046232460
0.046433100
0.046634230
0.046835360
0.047036490
0.047237130
0.047438260
0.047639390
0.047840520
0.048041160
0.048242290
0.048443420
0.048644550
0.048845190
0.049046320
0.049247450
0.049448580
0.049649220
0.049850350
0.050051480
0.050252610
0.050453250
0.050654380
0.050855510
0.051056640
0.051257280
0.051458410
0.051659540
0.051860670
0.052061310
0.052262440
0.052463570
0.052664700
0.052865340
0.053066470
0.053267600
0.053468730
0.053669370
0.053870500
0.054071630
0.054272760
0.054473400
0.054674530
0.054875660
0.055076790
0.055277430
0.055478560
0.055679690
0.055880820
0.056081460
0.056282590
0.056483720
0.056684850
0.056885980
0.057086620
0.057287750
0.057488880
0.057690010
0.057890650
0.058091780
0.058292910
0.058494040
0.058694680
0.058895810
0.059096940
0.059298070
0.059498710
0.059699840
0.059900970
0.060102100
0.060302740
0.060503870
0.060705000
0.060906130
0.061106770
0.061307900
0.061509030
0.061710160
0.061910800
0.062111930
0.062313060
0.062514190
0.062714830
0.062915960
0.063117090
0.063318220
0.063518860
0.063719990
0.063921120
0.064122250
0.064322890
0.064524020
0.064725150
0.064926280
0.065126920
0.065328050
0.065529180
0.065730310
0.065930950
0.066132080
0.066333210
0.066534340
0.066734980
0.066936110
0.067137240
0.067338370
0.067539010
0.067740140
0.067941270
0.068142400
0.068343040
0.068544170
0.068745300
0.068946430
0.069147070
0.069348200
0.069549330
0.069750460
0.069951100
0.070152230
0.070353360
0.070554490
0.070755620
0.070956260
0.071157390
0.071358520
0.071559650
0.071760290
0.071961420
0.072162550
0.072363680
0.072564320
0.072765450
0.072966580
0.073167710
0.073368350
0.073569480
0.073770610
0.073971740
0.074172380
0.074373510
0.074574640
0.074775770
0.074976410
0.075177540
0.075378670
0.075579800
0.075780440
0.075981570
0.076182700
0.076383830
0.076584470
0.076785600
0.076986730
0.077187860
0.077388500
0.077589630
0.077790760
0.077991890
0.078192530
0.078393660
0.078594790
0.078795920
0.078996560
0.079197690
0.079398820
0.079599950
0.079800590
0.080001720
0.080202850
0.080403980
0.080604620
0.080805750
0.081006880
0.081208010
0.081408650
0.081609780
0.081810910
0.082012040
0.082212680
0.082413810
0.082614940
0.082816070
0.083016710
0.083217840
0.083418970
0.083620100
0.083821230
0.084021870
0.084223000
0.084424130
0.084625260
0.084825900
0.085027030
0.085228160
0.085429290
0.085629930
0.085831060
0.086032190
0.086233320
0.086433960
0.086635090
0.086836220
0.087037350
0.087237990
0.087439120
0.087640250
0.087841380
0.088042020
0.088243150
0.088444280
0.088645410
0.088846050
0.089047180
0.089248310
0.089449440
0.089650080
0.089851210
0.090052340
0.090253470
0.090454110
0.090655240
0.090856370
0.091057500
0.091258140
0.091459270
0.091660400
0.091861530
0.092062170
0.092263300
0.092464430
0.092665560
0.092866200
0.093067330
0.093268460
0.093469590
0.093670230
0.093871360
0.094072490
0.094273620
0.094474260
0.094675390
0.094876520
0.095077650
0.095278290
0.095479420
0.095680550
0.095881680
0.096082320
0.096283450
0.096484580
0.096685710
0.096886840
0.097087480
0.097288610
0.097489740
0.097690870
0.097891510
0.098092640
0.098293770
0.098494900
0.098695540
0.098896670
0.099097800
0.099298930
0.099499570
0.099700700
0.099901830
0.100102960
0.100303600
0.100504730
0.100705860
0.100906990
0.101107630
0.101308760
0.101509890
0.101711020
0.101911660
0.102112790
0.102313920
0.102515050
0.102715690
0.102916820
0.103117950
0.103319080
0.103519720
0.103720850
0.103921980
0.104123110
0.104323750
0.104524880
0.104726010
0.104927140
0.105127780
0.105328910
0.105530040
0.105731170
0.105931810
0.106132940
0.106334070
0.106535200
0.106735840
0.106936970
0.107138100
0.107339230
0.107539870
0.107741000
0.107942130
0.108143260
0.108343900
0.108545030
0.108746160
0.108947290
0.109147930
0.109349060
0.109550190
0.109751320
0.109951960
0.110153090
0.110354220
0.110555350
0.110756480
0.110957120
0.111158250
0.111359380
0.111560510
0.111761150
0.111962280
0.112163410
0.112364540
0.112565180
0.112766310
0.112967440
0.113168570
0.113369210
0.113570340
0.113771470
0.113972600
0.114173240
0.114374370
0.114575500
0.114776630
0.114977270
0.115178400
0.115379530
0.115580660
0.115781300
0.115982430
0.116183560
0.116384690
0.116585330
0.116786460
0.116987590
0.117188720
0.117389360
0.117590490
0.117791620
0.117992750
0.118193390
0.118394520
0.118595650
0.118796780
0.118997420
0.119198550
0.119399680
0.119600810
0.119801450
0.120002580
0.120203710
0.120404840
0.120605480
0.120806610
0.121007740
0.121208870
0.121409510
0.121610640
0.121811770
0.122012900
0.122213540
0.122414670
0.122615800
0.122816930
0.123017570
0.123218700
0.123419830
0.123620960
0.123821600
0.124022730
0.124223860
0.124424990
0.124626120
0.124826760
0.125027890
0.125229020
0.125430150
0.125630790
0.125831920
0.126033050
0.126234180
0.126434820
0.126635950
0.126837080
0.127038210
0.127238850
0.127439980
0.127641110
0.127842240
0.128042880
0.128244010
0.128445140
0.128646270
0.128846910
0.129048040
0.129249170
0.129450300
0.129650940
0.129852070
0.130053200
0.130254330
0.130454970
0.130656100
0.130857230
0.131058360
0.131259000
0.131460130
0.131661260
0.131862390
0.132063030
0.132264160
0.132465290
0.132666420
0.132867060
0.133068190
0.133269320
0.133470450
0.133671090
0.133872220
0.134073350
0.134274480
0.134475120
0.134676250
0.134877380
0.135078510
0.135279150
0.135480280
0.135681410
0.135882540
0.136083180
0.136284310
0.136485440
0.136686570
0.136887210
0.137088340
0.137289470
0.137490600
0.137691730
0.137892370
0.138093500
0.138294630
0.138495760
0.138696400
0.138897530
0.139098660
0.139299790
0.139500430
0.139701560
0.139902690
0.140103820
0.140304460
0.140505590
0.140706720
0.140907850
0.141108490
0.141309620
0.141510750
0.141711880
0.141912520
0.142113650
0.142314780
0.142515910
0.142716550
0.142917680
0.143118810
0.143319940
0.143520580
0.143721710
0.143922840
0.144123970
0.144324610
0.144525740
0.144726870
0.144928000
0.145128640
0.145329770
0.145530900
0.145732030
0.145932670
0.146133800
0.146334930
0.146536060
0.146736700
0.146937830
0.147138960
0.147340090
0.147540730
0.147741860
0.147942990
0.148144120
0.148344760
0.148545890
0.148747020
0.148948150
0.149148790
0.149349920
0.149551050
0.149752180
0.149952820
0.150153950
0.150355080
0.150556210
0.150757340
0.150957980
0.151159110
0.151360240
0.151561370
0.151762010
0.151963140
0.152164270
0.152365400
0.152566040
0.152767170
0.152968300
0.153169430
0.153370070
0.153571200
0.153772330
0.153973460
0.154174100
0.154375230
0.154576360
0.154777490
0.154978130
0.155179260
0.155380390
0.155581520
0.155782160
0.155983290
0.156184420
0.156385550
0.156586190
0.156787320
0.156988450
0.157189580
0.157390220
0.157591350
0.157792480
0.157993610
0.158194250
0.158395380
0.158596510
0.158797640
0.158998280
0.159199410
0.159400540
0.159601670
0.159802310
0.160003440
0.160204570
0.160405700
0.160606340
0.160807470
0.161008600
0.161209730
0.161410370
0.161611500
0.161812630
0.162013760
0.162214400
0.162415530
0.162616660
0.162817790
0.163018430
0.163219560
0.163420690
0.163621820
0.163822460
0.164023590
0.164224720
0.164425850
0.164626980
0.164827620
0.165028750
0.165229880
0.165431010
0.165631650
0.165832780
0.166033910
0.166235040
0.166435680
0.166636810
0.166837940
0.167039070
0.167239710
0.167440840
0.167641970
0.167843100
0.168043740
0.168244870
0.168446000
0.168647130
0.168847770
0.169048900
0.169250030
0.169451160
0.169651800
0.169852930
0.170054060
0.170255190
0.170455830
0.170656960
0.170858090
0.171059220
0.171259860
0.171460990
0.171662120
0.171863250
0.172063890
0.172265020
0.172466150
0.172667280
0.172867920
0.173069050
0.173270180
0.173471310
0.173671950
0.173873080
0.174074210
0.174275340
0.174475980
0.174677110
0.174878240
0.175079370
0.175280010
0.175481140
0.175682270
0.175883400
0.176084040
0.176285170
0.176486300
0.176687430
0.176888070
0.177089200
0.177290330
0.177491460
0.177692590
0.177893230
0.178094360
0.178295490
0.178496620
0.178697260
0.178898390
0.179099520
0.179300650
0.179501290
0.179702420
0.179903550
0.180104680
0.180305320
0.180506450
0.180707580
0.180908710
0.181109350
0.181310480
0.181511610
0.181712740
0.181913380
0.182114510
0.182315640
0.182516770
0.182717410
0.182918540
0.183119670
0.183320800
0.183521440
0.183722570
0.183923700
0.184124830
0.184325470
0.184526600
0.184727730
0.184928860
0.185129500
0.185330630
0.185531760
0.185732890
0.185933530
0.186134660
0.186335790
0.186536920
0.186737560
0.186938690
0.187139820
0.187340950
0.187541590
0.187742720
0.187943850
0.188144980
0.188345620
0.188546750
0.188747880
0.188949010
0.189149650
0.189350780
0.189551910
0.189753040
0.189953680
0.190154810
0.190355940
0.190557070
0.190757710
0.190958840
0.191159970
0.191361100
0.191562230
0.191762870
0.191964000
0.192165130
0.192366260
0.192566900
0.192768030
0.192969160
0.193170290
0.193370930
0.193572060
0.193773190
0.193974320
0.194174960
0.194376090
0.194577220
0.194778350
0.194978990
0.195180120
0.195381250
0.195582380
0.195783020
0.195984150
0.196185280
0.196386410
0.196587050
0.196788180
0.196989310
0.197190440
0.197391080
0.197592210
0.197793340
0.197994470
0.198195110
0.198396240
0.198597370
0.198798500
0.198999140
0.199200270
0.199401400
0.199602530
0.199803170
0.200004300
0.200205430
0.200406560
0.200607200
0.200808330
0.201009460
0.201210590
0.201411230
0.201612360
0.201813490
0.202014620
0.202215260
0.202416390
0.202617520
0.202818650
0.203019290
0.203220420
0.203421550
0.203622680
0.203823320
0.204024450
0.204225580
0.204426710
0.204627840
0.204828480
0.205029610
0.205230740
0.205431870
0.205632510
0.205833640
0.206034770
0.206235900
0.206436540
0.206637670
0.206838800
0.207039930
0.207240570
0.207441700
0.207642830
0.207843960
0.208044600
0.208245730
0.208446860
0.208647990
0.208848630
0.209049760
0.209250890
0.209452020
0.209652660
0.209853790
0.210054920
0.210256050
0.210456690
0.210657820
0.210858950
0.211060080
0.211260720
0.211461850
0.211662980
0.211864110
0.212064750
0.212265880
0.212467010
0.212668140
0.212868780
0.213069910
0.213271040
0.213472170
0.213672810
0.213873940
0.214075070
0.214276200
0.214476840
0.214677970
0.214879100
0.215080230
0.215280870
0.215482000
0.215683130
0.215884260
0.216084900
0.216286030
0.216487160
0.216688290
0.216888930
0.217090060
0.217291190
0.217492320
0.217693450
0.217894090
0.218095220
0.218296350
0.218497480
0.218698120
0.218899250
0.219100380
0.219301510
0.219502150
0.219703280
0.219904410
0.220105540
0.220306180
0.220507310
0.220708440
0.220909570
0.221110210
0.221311340
0.221512470
0.221713600
0.221914240
0.222115370
0.222316500
0.222517630
0.222718270
0.222919400
0.223120530
0.223321660
0.223522300
0.223723430
0.223924560
0.224125690
0.224326330
0.224527460
0.224728590
0.224929720
0.225130360
0.225331490
0.225532620
0.225733750
0.225934390
0.226135520
0.226336650
0.226537780
0.226738420
0.226939550
0.227140680
0.227341810
0.227542450
0.227743580
0.227944710
0.228145840
0.228346480
0.228547610
0.228748740
0.228949870
0.229150510
0.229351640
0.229552770
0.229753900
0.229954540
0.230155670
0.230356800
0.230557930
0.230758570
0.230959700
0.231160830
0.231361960
0.231563090
0.231763730
0.231964860
0.232165990
0.232367120
0.232567760
0.232768890
0.232970020
0.233171150
0.233371790
0.233572920
0.233774050
0.233975180
0.234175820
0.234376950
0.234578080
0.234779210
0.234979850
0.235180980
0.235382110
0.235583240
0.235783880
0.235985010
0.236186140
0.236387270
0.236587910
0.236789040
0.236990170
0.237191300
0.237391940
0.237593070
0.237794200
0.237995330
0.238195970
0.238397100
0.238598230
0.238799360
0.239000000
0.239201130
0.239402260
0.239603390
0.239804030
0.240005160
0.240206290
0.240407420
0.240608060
0.240809190
0.241010320
0.241211450
0.241412090
0.241613220
0.241814350
0.242015480
0.242216120
0.242417250
0.242618380
0.242819510
0.243020150
0.243221280
0.243422410
0.243623540
0.243824180
0.244025310
0.244226440
0.244427570
0.244628700
0.244829340
0.245030470
0.245231600
0.245432730
0.245633370
0.245834500
0.246035630
0.246236760
0.246437400
0.246638530
0.246839660
0.247040790
0.247241430
0.247442560
0.247643690
0.247844820
0.248045460
0.248246590
0.248447720
0.248648850
0.248849490
0.249050620
0.249251750
0.249452880
0.249653520
0.249854650
0.250055780
0.250256910
0.250457550
0.250658680
0.250859810
0.251060940
0.251261580
0.251462710
0.251663840
0.251864970
0.252065610
0.252266740
0.252467870
0.252669000
0.252869640
0.253070770
0.253271900
0.253473030
0.253673670
0.253874800
0.254075930
0.254277060
0.254477700
0.254678830
0.254879960
0.255081090
0.255281730
0.255482860
0.255683990
0.255885120
0.256085760
0.256286890
0.256488020
0.256689150
0.256889790
0.257090920
0.257292050
0.257493180
0.257693820
0.257894950
0.258096080
0.258297210
0.258498340
0.258698980
0.258900110
0.259101240
0.259302370
0.259503010
0.259704140
0.259905270
0.260106400
0.260307040
0.260508170
0.260709300
0.260910430
0.261111070
0.261312200
0.261513330
0.261714460
0.261915100
0.262116230
0.262317360
0.262518490
0.262719130
0.262920260
0.263121390
0.263322520
0.263523160
0.263724290
0.263925420
0.264126550
0.264327190
0.264528320
0.264729450
0.264930580
0.265131220
0.265332350
0.265533480
0.265734610
0.265935250
0.266136380
0.266337510
0.266538640
0.266739280
0.266940410
0.267141540
0.267342670
0.267543310
0.267744440
0.267945570
0.268146700
0.268347340
0.268548470
0.268749600
0.268950730
0.269151370
0.269352500
0.269553630
0.269754760
0.269955400
0.270156530
0.270357660
0.270558790
0.270759430
0.270960560
0.271161690
0.271362820
0.271563950
0.271764590
0.271965720
0.272166850
0.272367980
0.272568620
0.272769750
0.272970880
0.273172010
0.273372650
0.273573780
0.273774910
0.273976040
0.274176680
0.274377810
0.274578940
0.274780070
0.274980710
0.275181840
0.275382970
0.275584100
0.275784740
0.275985870
0.276187000
0.276388130
0.276588770
0.276789900
0.276991030
0.277192160
0.277392800
0.277593930
0.277795060
0.277996190
0.278196830
0.278397960
0.278599090
0.278800220
0.279000860
0.279201990
0.279403120
0.279604250
0.279804890
0.280006020
0.280207150
0.280408280
0.280608920
0.280810050
0.281011180
0.281212310
0.281412950
0.281614080
0.281815210
0.282016340
0.282216980
0.282418110
0.282619240
0.282820370
0.283021010
0.283222140
0.283423270
0.283624400
0.283825040
0.284026170
0.284227300
0.284428430
0.284629070
0.284830200
0.285031330
0.285232460
0.285433590
0.285634230
0.285835360
0.286036490
0.286237620
0.286438260
0.286639390
0.286840520
0.287041650
0.287242290
0.287443420
0.287644550
0.287845680
0.288046320
0.288247450
0.288448580
0.288649710
0.288850350
0.289051480
0.289252610
0.289453740
0.289654380
0.289855510
0.290056640
0.290257770
0.290458410
0.290659540
0.290860670
0.291061800
0.291262440
0.291463570
0.291664700
0.291865830
0.292066470
0.292267600
0.292468730
0.292669860
0.292870500
0.293071630
0.293272760
0.293473890
0.293674530
0.293875660
0.294076790
0.294277920
0.294478560
0.294679690
0.294880820
0.295081950
0.295282590
0.295483720
0.295684850
0.295885980
0.296086620
0.296287750
0.296488880
0.296690010
0.296890650
0.297091780
0.297292910
0.297494040
0.297694680
0.297895810
0.298096940
0.298298070
0.298499200
0.298699840
0.298900970
0.299102100
0.299303230
0.299503870
0.299705000
0.299906130
0.300107260
0.300307900
0.300509030
0.300710160
0.300911290
0.301111930
0.301313060
0.301514190
0.301715320
0.301915960
0.302117090
0.302318220
0.302519350
0.302719990
0.302921120
0.303122250
0.303323380
0.303524020
0.303725150
0.303926280
0.304127410
0.304328050
0.304529180
0.304730310
0.304931440
0.305132080
0.305333210
0.305534340
0.305735470
0.305936110
0.306137240
0.306338370
0.306539500
0.306740140
0.306941270
0.307142400
0.307343530
0.307544170
0.307745300
0.307946430
0.308147560
0.308348200
0.308549330
0.308750460
0.308951590
0.309152230
0.309353360
0.309554490
0.309755620
0.309956260
0.310157390
0.310358520
0.310559650
0.310760290
0.310961420
0.311162550
0.311363680
0.311564320
0.311765450
0.311966580
0.312167710
0.312368840
0.312569480
0.312770610
0.312971740
0.313172870
0.313373510
0.313574640
0.313775770
0.313976900
0.314177540
0.314378670
0.314579800
0.314780930
0.314981570
0.315182700
0.315383830
0.315584960
0.315785600
0.315986730
0.316187860
0.316388990
0.316589630
0.316790760
0.316991890
0.317193020
0.317393660
0.317594790
0.317795920
0.317997050
0.318197690
0.318398820
0.318599950
0.318801080
0.319001720
0.319202850
0.319403980
0.319605110
0.319805750
0.320006880
0.320208010
0.320409140
0.320609780
0.320810910
0.321012040
0.321213170
0.321413810
0.321614940
0.321816070
0.322017200
0.322217840
0.322418970
0.322620100
0.322821230
0.323021870
0.323223000
0.323424130
0.323625260
0.323825900
0.324027030
0.324228160
0.324429290
0.324629930
0.324831060
0.325032190
0.325233320
0.325434450
0.325635090
0.325836220
0.326037350
0.326238480
0.326439120
0.326640250
0.326841380
0.327042510
0.327243150
0.327444280
0.327645410
0.327846540
0.328047180
0.328248310
0.328449440
0.328650570
0.328851210
0.329052340
0.329253470
0.329454600
0.329655240
0.329856370
0.330057500
0.330258630
0.330459270
0.330660400
0.330861530
0.331062660
0.331263300
0.331464430
0.331665560
0.331866690
0.332067330
0.332268460
0.332469590
0.332670720
0.332871360
0.333072490
0.333273620
0.333474750
0.333675390
0.333876520
0.334077650
0.334278780
0.334479420
0.334680550
0.334881680
0.335082810
0.335283450
0.335484580
0.335685710
0.335886840
0.336087480
0.336288610
0.336489740
0.336690870
0.336891510
0.337092640
0.337293770
0.337494900
0.337695540
0.337896670
0.338097800
0.338298930
0.338500060
0.338700700
0.338901830
0.339102960
0.339304090
0.339504730
0.339705860
0.339906990
0.340108120
0.340308760
0.340509890
0.340711020
0.340912150
0.341112790
0.341313920
0.341515050
0.341716180
0.341916820
0.342117950
0.342319080
0.342520210
0.342720850
0.342921980
0.343123110
0.343324240
0.343524880
0.343726010
0.343927140
0.344128270
0.344328910
0.344530040
0.344731170
0.344932300
0.345132940
0.345334070
0.345535200
0.345736330
0.345936970
0.346138100
0.346339230
0.346540360
0.346741000
0.346942130
0.347143260
0.347344390
0.347545030
0.347746160
0.347947290
0.348148420
0.348349060
0.348550190
0.348751320
0.348952450
0.349153090
0.349354220
0.349555350
0.349756480
0.349957120
0.350158250
0.350359380
0.350560510
0.350761150
0.350962280
0.351163410
0.351364540
0.351565180
0.351766310
0.351967440
0.352168570
0.352369700
0.352570340
0.352771470
0.352972600
0.353173730
0.353374370
0.353575500
0.353776630
0.353977760
0.354178400
0.354379530
0.354580660
0.354781790
0.354982430
0.355183560
0.355384690
0.355585820
0.355786460
0.355987590
0.356188720
0.356389850
0.356590490
0.356791620
0.356992750
0.357193880
0.357394520
0.357595650
0.357796780
0.357997910
0.358198550
0.358399680
0.358600810
0.358801940
0.359002580
0.359203710
0.359404840
0.359605970
0.359806610
0.360007740
0.360208870
0.360410000
0.360610640
0.360811770
0.361012900
0.361214030
0.361414670
0.361615800
0.361816930
0.362018060
0.362218700
0.362419830
0.362620960
0.362822090
0.363022730
0.363223860
0.363424990
0.363626120
0.363826760
0.364027890
0.364229020
0.364430150
0.364630790
0.364831920
0.365033050
0.365234180
0.365435310
0.365635950
0.365837080
0.366038210
0.366239340
0.366439980
0.366641110
0.366842240
0.367043370
0.367244010
0.367445140
0.367646270
0.367847400
0.368048040
0.368249170
0.368450300
0.368651430
0.368852070
0.369053200
0.369254330
0.369455460
0.369656100
0.369857230
0.370058360
0.370259490
0.370460130
0.370661260
0.370862390
0.371063520
0.371264160
0.371465290
0.371666420
0.371867550
0.372068190
0.372269320
0.372470450
0.372671580
0.372872220
0.373073350
0.373274480
0.373475610
0.373676250
0.373877380
0.374078510
0.374279640
0.374480280
0.374681410
0.374882540
0.375083670
0.375284310
0.375485440
0.375686570
0.375887700
0.376088340
0.376289470
0.376490600
0.376691730
0.376892370
0.377093500
0.377294630
0.377495760
0.377696400
0.377897530
0.378098660
0.378299790
0.378500430
0.378701560
0.378902690
0.379103820
0.379304950
0.379505590
0.379706720
0.379907850
0.380108980
0.380309620
0.380510750
0.380711880
0.380913010
0.381113650
0.381314780
0.381515910
0.381717040
0.381917680
0.382118810
0.382319940
0.382521070
0.382721710
0.382922840
0.383123970
0.383325100
0.383525740
0.383726870
0.383928000
0.384129130
0.384329770
0.384530900
0.384732030
0.384933160
0.385133800
0.385334930
0.385536060
0.385737190
0.385937830
0.386138960
0.386340090
0.386541220
0.386741860
0.386942990
0.387144120
0.387345250
0.387545890
0.387747020
0.387948150
0.388149280
0.388349920
0.388551050
0.388752180
0.388953310
0.389153950
0.389355080
0.389556210
0.389757340
0.389957980
0.390159110
0.390360240
0.390561370
0.390762010
0.390963140
0.391164270
0.391365400
0.391566040
0.391767170
0.391968300
0.392169430
0.392370560
0.392571200
0.392772330
0.392973460
0.393174590
0.393375230
0.393576360
0.393777490
0.393978620
0.394179260
0.394380390
0.394581520
0.394782650
0.394983290
0.395184420
0.395385550
0.395586680
0.395787320
0.395988450
0.396189580
0.396390710
0.396591350
0.396792480
0.396993610
0.397194740
0.397395380
0.397596510
0.397797640
0.397998770
0.398199410
0.398400540
0.398601670
0.398802800
0.399003440
0.399204570
0.399405700
0.399606830
0.399807470
0.400008600
0.400209730
0.400410860
0.400611500
0.400812630
0.401013760
0.401214890
0.401415530
0.401616660
0.401817790
0.402018920
0.402219560
0.402420690
0.402621820
0.402822950
0.403023590
0.403224720
0.403425850
0.403626980
0.403827620
0.404028750
0.404229880
0.404431010
0.404631650
0.404832780
0.405033910
0.405235040
0.405435680
0.405636810
0.405837940
0.406039070
0.406240200
0.406440840
0.406641970
0.406843100
0.407044230
0.407244870
0.407446000
0.407647130
0.407848260
0.408048900
0.408250030
0.408451160
0.408652290
0.408852930
0.409054060
0.409255190
0.409456320
0.409656960
0.409858090
0.410059220
0.410260350
0.410460990
0.410662120
0.410863250
0.411064380
0.411265020
0.411466150
0.411667280
0.411868410
0.412069050
0.412270180
0.412471310
0.412672440
0.412873080
0.413074210
0.413275340
0.413476470
0.413677110
0.413878240
0.414079370
0.414280500
0.414481140
0.414682270
0.414883400
0.415084530
0.415285170
0.415486300
0.415687430
0.415888560
0.416089200
0.416290330
0.416491460
0.416692590
0.416893230
0.417094360
0.417295490
0.417496620
0.417697260
0.417898390
0.418099520
0.418300650
0.418501290
0.418702420
0.418903550
0.419104680
0.419305320
0.419506450
0.419707580
0.419908710
0.420109840
0.420310480
0.420511610
0.420712740
0.420913870
0.421114510
0.421315640
0.421516770
0.421717900
0.421918540
0.422119670
0.422320800
0.422521930
0.422722570
0.422923700
0.423124830
0.423325960
0.423526600
0.423727730
0.423928860
0.424129990
0.424330630
0.424531760
0.424732890
0.424934020
0.425134660
0.425335790
0.425536920
0.425738050
0.425938690
0.426139820
0.426340950
0.426542080
0.426742720
0.426943850
0.427144980
0.427346110
0.427546750
0.427747880
0.427949010
0.428150140
0.428350780
0.428551910
0.428753040
0.428954170
0.429154810
0.429355940
0.429557070
0.429758200
0.429958840
0.430159970
0.430361100
0.430562230
0.430762870
0.430964000
0.431165130
0.431366260
0.431566900
0.431768030
0.431969160
0.432170290
0.432370930
0.432572060
0.432773190
0.432974320
0.433175450
0.433376090
0.433577220
0.433778350
0.433979480
0.434180120
0.434381250
0.434582380
0.434783510
0.434984150
0.435185280
0.435386410
0.435587540
0.435788180
0.435989310
0.436190440
0.436391570
0.436592210
0.436793340
0.436994470
0.437195600
0.437396240
0.437597370
0.437798500
0.437999630
0.438200270
0.438401400
0.438602530
0.438803660
0.439004300
0.439205430
0.439406560
0.439607690
0.439808330
0.440009460
0.440210590
0.440411720
0.440612360
0.440813490
0.441014620
0.441215750
0.441416390
0.441617520
0.441818650
0.442019780
0.442220420
0.442421550
0.442622680
0.442823810
0.443024450
0.443225580
0.443426710
0.443627840
0.443828480
0.444029610
0.444230740
0.444431870
0.444632510
0.444833640
0.445034770
0.445235900
0.445436540
0.445637670
0.445838800
0.446039930
0.446241060
0.446441700
0.446642830
0.446843960
0.447045090
0.447245730
0.447446860
0.447647990
0.447849120
0.448049760
0.448250890
0.448452020
0.448653150
0.448853790
0.449054920
0.449256050
0.449457180
0.449657820
0.449858950
0.450060080
0.450261210
0.450461850
0.450662980
0.450864110
0.451065240
0.451265880
0.451467010
0.451668140
0.451869270
0.452069910
0.452271040
0.452472170
0.452673300
0.452873940
0.453075070
0.453276200
0.453477330
0.453677970
0.453879100
0.454080230
0.454281360
0.454482000
0.454683130
0.454884260
0.455085390
0.455286030
0.455487160
0.455688290
0.455889420
0.456090060
0.456291190
0.456492320
0.456693450
0.456894090
0.457095220
0.457296350
0.457497480
0.457698120
0.457899250
0.458100380
0.458301510
0.458502150
0.458703280
0.458904410
0.459105540
0.459306180
0.459507310
0.459708440
0.459909570
0.460110700
0.460311340
0.460512470
0.460713600
0.460914730
0.461115370
0.461316500
0.461517630
0.461718760
0.461919400
0.462120530
0.462321660
0.462522790
0.462723430
0.462924560
0.463125690
0.463326820
0.463527460
0.463728590
0.463929720
0.464130850
0.464331490
0.464532620
0.464733750
0.464934880
0.465135520
0.465336650
0.465537780
0.465738910
0.465939550
0.466140680
0.466341810
0.466542940
0.466743580
0.466944710
0.467145840
0.467346970
0.467547610
0.467748740
0.467949870
0.468151000
0.468351640
0.468552770
0.468753900
0.468955030
0.469155670
0.469356800
0.469557930
0.469759060
0.469959700
0.470160830
0.470361960
0.470563090
0.470763730
0.470964860
0.471165990
0.471367120
0.471567760
0.471768890
0.471970020
0.472171150
0.472371790
0.472572920
0.472774050
0.472975180
0.473176310
0.473376950
0.473578080
0.473779210
0.473980340
0.474180980
0.474382110
0.474583240
0.474784370
0.474985010
0.475186140
0.475387270
0.475588400
0.475789040
0.475990170
0.476191300
0.476392430
0.476593070
0.476794200
0.476995330
0.477196460
0.477397100
0.477598230
0.477799360
0.478000490
0.478201130
0.478402260
0.478603390
0.478804520
0.479005160
0.479206290
0.479407420
0.479608550
0.479809190
0.480010320
0.480211450
0.480412580
0.480613220
0.480814350
0.481015480
0.481216610
0.481417250
0.481618380
0.481819510
0.482020640
0.482221280
0.482422410
0.482623540
0.482824670
0.483025310
0.483226440
0.483427570
0.483628700
0.483829340
0.484030470
0.484231600
0.484432730
0.484633370
0.484834500
0.485035630
0.485236760
0.485437400
0.485638530
0.485839660
0.486040790
0.486241430
0.486442560
0.486643690
0.486844820
0.487045950
0.487246590
0.487447720
0.487648850
0.487849980
0.488050620
0.488251750
0.488452880
0.488654010
0.488854650
0.489055780
0.489256910
0.489458040
0.489658680
0.489859810
0.490060940
0.490262070
0.490462710
0.490663840
0.490864970
0.491066100
0.491266740
0.491467870
0.491669000
0.491870130
0.492070770
0.492271900
0.492473030
0.492674160
0.492874800
0.493075930
0.493277060
0.493478190
0.493678830
0.493879960
0.494081090
0.494282220
0.494482860
0.494683990
0.494885120
0.495086250
0.495286890
0.495488020
0.495689150
0.495890280
0.496090920
0.496292050
0.496493180
0.496694310
0.496894950
0.497096080
0.497297210
0.497498340
0.497698980
0.497900110
0.498101240
0.498302370
0.498503010
0.498704140
0.498905270
0.499106400
0.499307040
0.499508170
0.499709300
0.499910430
0.500111560
0.500312200
0.500513330
0.500714460
0.500915590
0.501116230
0.501317360
0.501518490
0.501719620
0.501920260
0.502121390
0.502322520
0.502523650
0.502724290
0.502925420
0.503126550
0.503327680
0.503528320
0.503729450
0.503930580
0.504131710
0.504332350
0.504533480
0.504734610
0.504935740
0.505136380
0.505337510
0.505538640
0.505739770
0.505940410
0.506141540
0.506342670
0.506543800
0.506744440
0.506945570
0.507146700
0.507347830
0.507548470
0.507749600
0.507950730
0.508151860
0.508352500
0.508553630
0.508754760
0.508955890
0.509156530
0.509357660
0.509558790
0.509759920
0.509960560
0.510161690
0.510362820
0.510563950
0.510764590
0.510965720
0.511166850
0.511367980
0.511568620
0.511769750
0.511970880
0.512172010
0.512372650
0.512573780
0.512774910
0.512976040
0.513177170
0.513377810
0.513578940
0.513780070
0.513981200
0.514181840
0.514382970
0.514584100
0.514785230
0.514985870
0.515187000
0.515388130
0.515589260
0.515789900
0.515991030
0.516192160
0.516393290
0.516593930
0.516795060
0.516996190
0.517197320
0.517397960
0.517599090
0.517800220
0.518001350
0.518201990
0.518403120
0.518604250
0.518805380
0.519006020
0.519207150
0.519408280
0.519609410
0.519810050
0.520011180
0.520212310
0.520413440
0.520614080
0.520815210
0.521016340
0.521217470
0.521418110
0.521619240
0.521820370
0.522021500
0.522222140
0.522423270
0.522624400
0.522825530
0.523026170
0.523227300
0.523428430
0.523629560
0.523830200
0.524031330
0.524232460
0.524433590
0.524634230
0.524835360
0.525036490
0.525237620
0.525438260
0.525639390
0.525840520
0.526041650
0.526242290
0.526443420
0.526644550
0.526845680
0.527046810
0.527247450
0.527448580
0.527649710
0.527850840
0.528051480
0.528252610
0.528453740
0.528654870
0.528855510
0.529056640
0.529257770
0.529458900
0.529659540
0.529860670
0.530061800
0.530262930
0.530463570
0.530664700
0.530865830
0.531066960
0.531267600
0.531468730
0.531669860
0.531870990
0.532071630
0.532272760
0.532473890
0.532675020
0.532875660
0.533076790
0.533277920
0.533479050
0.533679690
0.533880820
0.534081950
0.534283080
0.534483720
0.534684850
0.534885980
0.535087110
0.535287750
0.535488880
0.535690010
0.535891140
0.536091780
0.536292910
0.536494040
0.536695170
0.536895810
0.537096940
0.537298070
0.537499200
0.537699840
0.537900970
0.538102100
0.538303230
0.538503870
0.538705000
0.538906130
0.539107260
0.539307900
0.539509030
0.539710160
0.539911290
0.540112420
0.540313060
0.540514190
0.540715320
0.540916450
0.541117090
0.541318220
0.541519350
0.541720480
0.541921120
0.542122250
0.542323380
0.542524510
0.542725150
0.542926280
0.543127410
0.543328540
0.543529180
0.543730310
0.543931440
0.544132570
0.544333210
0.544534340
0.544735470
0.544936600
0.545137240
0.545338370
0.545539500
0.545740630
0.545941270
0.546142400
0.546343530
0.546544660
0.546745300
0.546946430
0.547147560
0.547348690
0.547549330
0.547750460
0.547951590
0.548152720
0.548353360
0.548554490
0.548755620
0.548956750
0.549157390
0.549358520
0.549559650
0.549760780
0.549961420
0.550162550
0.550363680
0.550564810
0.550765450
0.550966580
0.551167710
0.551368840
0.551569480
0.551770610
0.551971740
0.552172870
0.552373510
0.552574640
0.552775770
0.552976900
0.553177540
0.553378670
0.553579800
0.553780930
0.553982060
0.554182700
0.554383830
0.554584960
0.554786090
0.554986730
0.555187860
0.555388990
0.555590120
0.555790760
0.555991890
0.556193020
0.556394150
0.556594790
0.556795920
0.556997050
0.557198180
0.557398820
0.557599950
0.557801080
0.558002210
0.558202850
0.558403980
0.558605110
0.558806240
0.559006880
0.559208010
0.559409140
0.559610270
0.559810910
0.560012040
0.560213170
0.560414300
0.560614940
0.560816070
0.561017200
0.561218330
0.561418970
0.561620100
0.561821230
0.562022360
0.562223000
0.562424130
0.562625260
0.562826390
0.563027030
0.563228160
0.563429290
0.563630420
0.563831060
0.564032190
0.564233320
0.564434450
0.564635090
0.564836220
0.565037350
0.565238480
0.565439120
0.565640250
0.565841380
0.566042510
0.566243150
0.566444280
0.566645410
0.566846540
0.567047180
0.567248310
0.567449440
0.567650570
0.567851700
0.568052340
0.568253470
0.568454600
0.568655730
0.568856370
0.569057500
0.569258630
0.569459760
0.569660400
0.569861530
0.570062660
0.570263790
0.570464430
0.570665560
0.570866690
0.571067820
0.571268460
0.571469590
0.571670720
0.571871850
0.572072490
0.572273620
0.572474750
0.572675880
0.572876520
0.573077650
0.573278780
0.573479910
0.573680550
0.573881680
0.574082810
0.574283940
0.574484580
0.574685710
0.574886840
0.575087970
0.575288610
0.575489740
0.575690870
0.575892000
0.576092640
0.576293770
0.576494900
0.576696030
0.576896670
0.577097800
0.577298930
0.577500060
0.577700700
0.577901830
0.578102960
0.578304090
0.578504730
0.578705860
0.578906990
0.579108120
0.579308760
0.579509890
0.579711020
0.579912150
0.580112790
0.580313920
0.580515050
0.580716180
0.580917310
0.581117950
0.581319080
0.581520210
0.581721340
0.581921980
0.582123110
0.582324240
0.582525370
0.582726010
0.582927140
0.583128270
0.583329400
0.583530040
0.583731170
0.583932300
0.584133430
0.584334070
0.584535200
0.584736330
0.584937460
0.585138100
0.585339230
0.585540360
0.585741490
0.585942130
0.586143260
0.586344390
0.586545520
0.586746160
0.586947290
0.587148420
0.587349550
0.587550190
0.587751320
0.587952450
0.588153580
0.588354220
0.588555350
0.588756480
0.588957610
0.589158250
0.589359380
0.589560510
0.589761640
0.589962280
0.590163410
0.590364540
0.590565670
0.590766310
0.590967440
0.591168570
0.591369700
0.591570340
0.591771470
0.591972600
0.592173730
0.592374370
0.592575500
0.592776630
0.592977760
0.593178400
0.593379530
0.593580660
0.593781790
0.593982920
0.594183560
0.594384690
0.594585820
0.594786950
0.594987590
0.595188720
0.595389850
0.595590980
0.595791620
0.595992750
0.596193880
0.596395010
0.596595650
0.596796780
0.596997910
0.597199040
0.597399680
0.597600810
0.597801940
0.598003070
0.598203710
0.598404840
0.598605970
0.598807100
0.599007740
0.599208870
0.599410000
0.599611130
0.599811770
0.600012900
0.600214030
0.600415160
0.600615800
0.600816930
0.601018060
0.601219190
0.601419830
0.601620960
0.601822090
0.602023220
0.602223860
0.602424990
0.602626120
0.602827250
0.603027890
0.603229020
0.603430150
0.603631280
0.603831920
0.604033050
0.604234180
0.604435310
0.604635950
0.604837080
0.605038210
0.605239340
0.605439980
0.605641110
0.605842240
0.606043370
0.606244010
0.606445140
0.606646270
0.606847400
0.607048040
0.607249170
0.607450300
0.607651430
0.607852560
0.608053200
0.608254330
0.608455460
0.608656590
0.608857230
0.609058360
0.609259490
0.609460620
0.609661260
0.609862390
0.610063520
0.610264650
0.610465290
0.610666420
0.610867550
0.611068680
0.611269320
0.611470450
0.611671580
0.611872710
0.612073350
0.612274480
0.612475610
0.612676740
0.612877380
0.613078510
0.613279640
0.613480770
0.613681410
0.613882540
0.614083670
0.614284800
0.614485440
0.614686570
0.614887700
0.615088830
0.615289470
0.615490600
0.615691730
0.615892860
0.616093500
0.616294630
0.616495760
0.616696890
0.616897530
0.617098660
0.617299790
0.617500920
0.617701560
0.617902690
0.618103820
0.618304950
0.618505590
0.618706720
0.618907850
0.619108980
0.619309620
0.619510750
0.619711880
0.619913010
0.620113650
0.620314780
0.620515910
0.620717040
0.620918170
0.621118810
0.621319940
0.621521070
0.621722200
0.621922840
0.622123970
0.622325100
0.622526230
0.622726870
0.622928000
0.623129130
0.623330260
0.623530900
0.623732030
0.623933160
0.624134290
0.624334930
0.624536060
0.624737190
0.624938320
0.625138960
0.625340090
0.625541220
0.625742350
0.625942990
0.626144120
0.626345250
0.626546380
0.626747020
0.626948150
0.627149280
0.627350410
0.627551050
0.627752180
0.627953310
0.628154440
0.628355080
0.628556210
0.628757340
0.628958470
0.629159110
0.629360240
0.629561370
0.629762500
0.629963140
0.630164270
0.630365400
0.630566530
0.630767170
0.630968300
0.631169430
0.631370560
0.631571200
0.631772330
0.631973460
0.632174590
0.632375230
0.632576360
0.632777490
0.632978620
0.633179260
0.633380390
0.633581520
0.633782650
0.633983290
0.634184420
0.634385550
0.634586680
0.634787810
0.634988450
0.635189580
0.635390710
0.635591840
0.635792480
0.635993610
0.636194740
0.636395870
0.636596510
0.636797640
0.636998770
0.637199900
0.637400540
0.637601670
0.637802800
0.638003930
0.638204570
0.638405700
0.638606830
0.638807960
0.639008600
0.639209730
0.639410860
0.639611990
0.639812630
0.640013760
0.640214890
0.640416020
0.640616660
0.640817790
0.641018920
0.641220050
0.641420690
0.641621820
0.641822950
0.642024080
0.642224720
0.642425850
0.642626980
0.642828110
0.643028750
0.643229880
0.643431010
0.643632140
0.643832780
0.644033910
0.644235040
0.644436170
0.644636810
0.644837940
0.645039070
0.645240200
0.645440840
0.645641970
0.645843100
0.646044230
0.646244870
0.646446000
0.646647130
0.646848260
0.647048900
0.647250030
0.647451160
0.647652290
0.647853420
0.648054060
0.648255190
0.648456320
0.648657450
0.648858090
0.649059220
0.649260350
0.649461480
0.649662120
0.649863250
0.650064380
0.650265510
0.650466150
0.650667280
0.650868410
0.651069540
0.651270180
0.651471310
0.651672440
0.651873570
0.652074210
0.652275340
0.652476470
0.652677600
0.652878240
0.653079370
0.653280500
0.653481630
0.653682270
0.653883400
0.654084530
0.654285660
0.654486300
0.654687430
0.654888560
0.655089690
0.655290330
0.655491460
0.655692590
0.655893720
0.656094360
0.656295490
0.656496620
0.656697750
0.656898390
0.657099520
0.657300650
0.657501780
0.657702420
0.657903550
0.658104680
0.658305810
0.658506450
0.658707580
0.658908710
0.659109840
0.659310480
0.659511610
0.659712740
0.659913870
0.660114510
0.660315640
0.660516770
0.660717900
0.660919030
0.661119670
0.661320800
0.661521930
0.661723060
0.661923700
0.662124830
0.662325960
0.662527090
0.662727730
0.662928860
0.663129990
0.663331120
0.663531760
0.663732890
0.663934020
0.664135150
0.664335790
0.664536920
0.664738050
0.664939180
0.665139820
0.665340950
0.665542080
0.665743210
0.665943850
0.666144980
0.666346110
0.666547240
0.666747880
0.666949010
0.667150140
0.667351270
0.667551910
0.667753040
0.667954170
0.668155300
0.668355940
0.668557070
0.668758200
0.668959330
0.669159970
0.669361100
0.669562230
0.669763360
0.669964000
0.670165130
0.670366260
0.670567390
0.670768030
0.670969160
0.671170290
0.671371420
0.671572060
0.671773190
0.671974320
0.672175450
0.672376090
0.672577220
0.672778350
0.672979480
0.673180120
0.673381250
0.673582380
0.673783510
0.673984150
0.674185280
0.674386410
0.674587540
0.674788670
0.674989310
0.675190440
0.675391570
0.675592700
0.675793340
0.675994470
0.676195600
0.676396730
0.676597370
0.676798500
0.676999630
0.677200760
0.677401400
0.677602530
0.677803660
0.678004790
0.678205430
0.678406560
0.678607690
0.678808820
0.679009460
0.679210590
0.679411720
0.679612850
0.679813490
0.680014620
0.680215750
0.680416880
0.680617520
0.680818650
0.681019780
0.681220910
0.681421550
0.681622680
0.681823810
0.682024940
0.682225580
0.682426710
0.682627840
0.682828970
0.683029610
0.683230740
0.683431870
0.683633000
0.683833640
0.684034770
0.684235900
0.684437030
0.684637670
0.684838800
0.685039930
0.685241060
0.685441700
0.685642830
0.685843960
0.686045090
0.686245730
0.686446860
0.686647990
0.686849120
0.687049760
0.687250890
0.687452020
0.687653150
0.687854280
0.688054920
0.688256050
0.688457180
0.688658310
0.688858950
0.689060080
0.689261210
0.689462340
0.689662980
0.689864110
0.690065240
0.690266370
0.690467010
0.690668140
0.690869270
0.691070400
0.691271040
0.691472170
0.691673300
0.691874430
0.692075070
0.692276200
0.692477330
0.692678460
0.692879100
0.693080230
0.693281360
0.693482490
0.693683130
0.693884260
0.694085390
0.694286520
0.694487160
0.694688290
0.694889420
0.695090550
0.695291190
0.695492320
0.695693450
0.695894580
0.696095220
0.696296350
0.696497480
0.696698610
0.696899250
0.697100380
0.697301510
0.697502640
0.697703280
0.697904410
0.698105540
0.698306670
0.698507310
0.698708440
0.698909570
0.699110700
0.699311340
0.699512470
0.699713600
0.699914730
0.700115370
0.700316500
0.700517630
0.700718760
0.700919400
0.701120530
0.701321660
0.701522790
0.701723920
0.701924560
0.702125690
0.702326820
0.702527950
0.702728590
0.702929720
0.703130850
0.703331980
0.703532620
0.703733750
0.703934880
0.704136010
0.704336650
0.704537780
0.704738910
0.704940040
0.705140680
0.705341810
0.705542940
0.705744070
0.705944710
0.706145840
0.706346970
0.706548100
0.706748740
0.706949870
0.707151000
0.707352130
0.707552770
0.707753900
0.707955030
0.708156160
0.708356800
0.708557930
0.708759060
0.708960190
0.709160830
0.709361960
0.709563090
0.709764220
0.709964860
0.710165990
0.710367120
0.710568250
0.710768890
0.710970020
0.711171150
0.711372280
0.711572920
0.711774050
0.711975180
0.712176310
0.712376950
0.712578080
0.712779210
0.712980340
0.713180980
0.713382110
0.713583240
0.713784370
0.713985010
0.714186140
0.714387270
0.714588400
0.714789530
0.714990170
0.715191300
0.715392430
0.715593560
0.715794200
0.715995330
0.716196460
0.716397590
0.716598230
0.716799360
0.717000490
0.717201620
0.717402260
0.717603390
0.717804520
0.718005650
0.718206290
0.718407420
0.718608550
0.718809680
0.719010320
0.719211450
0.719412580
0.719613710
0.719814350
0.720015480
0.720216610
0.720417740
0.720618380
0.720819510
0.721020640
0.721221770
0.721422410
0.721623540
0.721824670
0.722025800
0.722226440
0.722427570
0.722628700
0.722829830
0.723030470
0.723231600
0.723432730
0.723633860
0.723834500
0.724035630
0.724236760
0.724437890
0.724638530
0.724839660
0.725040790
0.725241920
0.725442560
0.725643690
0.725844820
0.726045950
0.726246590
0.726447720
0.726648850
0.726849980
0.727050620
0.727251750
0.727452880
0.727654010
0.727854650
0.728055780
0.728256910
0.728458040
0.728659170
0.728859810
0.729060940
0.729262070
0.729463200
0.729663840
0.729864970
0.730066100
0.730267230
0.730467870
0.730669000
0.730870130
0.731071260
0.731271900
0.731473030
0.731674160
0.731875290
0.732075930
0.732277060
0.732478190
0.732679320
0.732879960
0.733081090
0.733282220
0.733483350
0.733683990
0.733885120
0.734086250
0.734287380
0.734488020
0.734689150
0.734890280
0.735091410
0.735292050
0.735493180
0.735694310
0.735895440
0.736096080
0.736297210
0.736498340
0.736699470
0.736900110
0.737101240
0.737302370
0.737503500
0.737704140
0.737905270
0.738106400
0.738307530
0.738508170
0.738709300
0.738910430
0.739111560
0.739312200
0.739513330
0.739714460
0.739915590
0.740116230
0.740317360
0.740518490
0.740719620
0.740920260
0.741121390
0.741322520
0.741523650
0.741724780
0.741925420
0.742126550
0.742327680
0.742528810
0.742729450
0.742930580
0.743131710
0.743332840
0.743533480
0.743734610
0.743935740
0.744136870
0.744337510
0.744538640
0.744739770
0.744940900
0.745141540
0.745342670
0.745543800
0.745744930
0.745945570
0.746146700
0.746347830
0.746548960
0.746749600
0.746950730
0.747151860
0.747352990
0.747553630
0.747754760
0.747955890
0.748157020
0.748357660
0.748558790
0.748759920
0.748961050
0.749161690
0.749362820
0.749563950
0.749765080
0.749965720
0.750166850
0.750367980
0.750569110
0.750769750
0.750970880
0.751172010
0.751373140
0.751573780
0.751774910
0.751976040
0.752177170
0.752377810
0.752578940
0.752780070
0.752981200
0.753181840
0.753382970
0.753584100
0.753785230
0.753985870
0.754187000
0.754388130
0.754589260
0.754790390
0.754991030
0.755192160
0.755393290
0.755594420
0.755795060
0.755996190
0.756197320
0.756398450
0.756599090
0.756800220
0.757001350
0.757202480
0.757403120
0.757604250
0.757805380
0.758006510
0.758207150
0.758408280
0.758609410
0.758810540
0.759011180
0.759212310
0.759413440
0.759614570
0.759815210
0.760016340
0.760217470
0.760418600
0.760619240
0.760820370
0.761021500
0.761222630
0.761423270
0.761624400
0.761825530
0.762026660
0.762227300
0.762428430
0.762629560
0.762830690
0.763031330
0.763232460
0.763433590
0.763634720
0.763835360
0.764036490
0.764237620
0.764438750
0.764639390
0.764840520
0.765041650
0.765242780
0.765443420
0.765644550
0.765845680
0.766046810
0.766247450
0.766448580
0.766649710
0.766850840
0.767051480
0.767252610
0.767453740
0.767654870
0.767855510
0.768056640
0.768257770
0.768458900
0.768660030
0.768860670
0.769061800
0.769262930
0.769464060
0.769664700
0.769865830
0.770066960
0.770268090
0.770468730
0.770669860
0.770870990
0.771072120
0.771272760
0.771473890
0.771675020
0.771876150
0.772076790
0.772277920
0.772479050
0.772680180
0.772880820
0.773081950
0.773283080
0.773484210
0.773684850
0.773885980
0.774087110
0.774288240
0.774488880
0.774690010
0.774891140
0.775092270
0.775292910
0.775494040
0.775695170
0.775896300
0.776096940
0.776298070
0.776499200
0.776700330
0.776900970
0.777102100
0.777303230
0.777504360
0.777705000
0.777906130
0.778107260
0.778308390
0.778509030
0.778710160
0.778911290
0.779112420
0.779313060
0.779514190
0.779715320
0.779916450
0.780117090
0.780318220
0.780519350
0.780720480
0.780921120
0.781122250
0.781323380
0.781524510
0.781725640
0.781926280
0.782127410
0.782328540
0.782529670
0.782730310
0.782931440
0.783132570
0.783333700
0.783534340
0.783735470
0.783936600
0.784137730
0.784338370
0.784539500
0.784740630
0.784941760
0.785142400
0.785343530
0.785544660
0.785745790
0.785946430
0.786147560
0.786348690
0.786549820
0.786750460
0.786951590
0.787152720
0.787353850
0.787554490
0.787755620
0.787956750
0.788157880
0.788358520
0.788559650
0.788760780
0.788961910
0.789162550
0.789363680
0.789564810
0.789765940
0.789966580
0.790167710
0.790368840
0.790569970
0.790770610
0.790971740
0.791172870
0.791374000
0.791574640
0.791775770
0.791976900
0.792178030
0.792378670
0.792579800
0.792780930
0.792982060
0.793182700
0.793383830
0.793584960
0.793786090
0.793986730
0.794187860
0.794388990
0.794590120
0.794790760
0.794991890
0.795193020
0.795394150
0.795595280
0.795795920
0.795997050
0.796198180
0.796399310
0.796599950
0.796801080
0.797002210
0.797203340
0.797403980
0.797605110
0.797806240
0.798007370
0.798208010
0.798409140
0.798610270
0.798811400
0.799012040
0.799213170
0.799414300
0.799615430
0.799816070
0.800017200
0.800218330
0.800419460
0.800620100
0.800821230
0.801022360
0.801223490
0.801424130
0.801625260
0.801826390
0.802027520
0.802228160
0.802429290
0.802630420
0.802831550
0.803032190
0.803233320
0.803434450
0.803635580
0.803836220
0.804037350
0.804238480
0.804439610
0.804640250
0.804841380
0.805042510
0.805243640
0.805444280
0.805645410
0.805846540
0.806047670
0.806248310
0.806449440
0.806650570
0.806851700
0.807052340
0.807253470
0.807454600
0.807655730
0.807856370
0.808057500
0.808258630
0.808459760
0.808660890
0.808861530
0.809062660
0.809263790
0.809464920
0.809665560
0.809866690
0.810067820
0.810268950
0.810469590
0.810670720
0.810871850
0.811072980
0.811273620
0.811474750
0.811675880
0.811877010
0.812077650
0.812278780
0.812479910
0.812681040
0.812881680
0.813082810
0.813283940
0.813485070
0.813685710
0.813886840
0.814087970
0.814289100
0.814489740
0.814690870
0.814892000
0.815093130
0.815293770
0.815494900
0.815696030
0.815897160
0.816097800
0.816298930
0.816500060
0.816701190
0.816901830
0.817102960
0.817304090
0.817505220
0.817705860
0.817906990
0.818108120
0.818309250
0.818509890
0.818711020
0.818912150
0.819113280
0.819313920
0.819515050
0.819716180
0.819917310
0.820117950
0.820319080
0.820520210
0.820721340
0.820921980
0.821123110
0.821324240
0.821525370
0.821726010
0.821927140
0.822128270
0.822329400
0.822530530
0.822731170
0.822932300
0.823133430
0.823334560
0.823535200
0.823736330
0.823937460
0.824138590
0.824339230
0.824540360
0.824741490
0.824942620
0.825143260
0.825344390
0.825545520
0.825746650
0.825947290
0.826148420
0.826349550
0.826550680
0.826751320
0.826952450
0.827153580
0.827354710
0.827555350
0.827756480
0.827957610
0.828158740
0.828359380
0.828560510
0.828761640
0.828962770
0.829163410
0.829364540
0.829565670
0.829766800
0.829967440
0.830168570
0.830369700
0.830570830
0.830771470
0.830972600
0.831173730
0.831374860
0.831575500
0.831776630
0.831977760
0.832178890
0.832379530
0.832580660
0.832781790
0.832982920
0.833183560
0.833384690
0.833585820
0.833786950
0.833987590
0.834188720
0.834389850
0.834590980
0.834791620
0.834992750
0.835193880
0.835395010
0.835595650
0.835796780
0.835997910
0.836199040
0.836400170
0.836600810
0.836801940
0.837003070
0.837204200
0.837404840
0.837605970
0.837807100
0.838008230
0.838208870
0.838410000
0.838611130
0.838812260
0.839012900
0.839214030
0.839415160
0.839616290
0.839816930
0.840018060
0.840219190
0.840420320
0.840620960
0.840822090
0.841023220
0.841224350
0.841424990
0.841626120
0.841827250
0.842028380
0.842229020
0.842430150
0.842631280
0.842832410
0.843033050
0.843234180
0.843435310
0.843636440
0.843837080
0.844038210
0.844239340
0.844440470
0.844641110
0.844842240
0.845043370
0.845244500
0.845445140
0.845646270
0.845847400
0.846048530
0.846249170
0.846450300
0.846651430
0.846852560
0.847053200
0.847254330
0.847455460
0.847656590
0.847857230
0.848058360
0.848259490
0.848460620
0.848661750
0.848862390
0.849063520
0.849264650
0.849465780
0.849666420
0.849867550
0.850068680
0.850269810
0.850470450
0.850671580
0.850872710
0.851073840
0.851274480
0.851475610
0.851676740
0.851877870
0.852078510
0.852279640
0.852480770
0.852681900
0.852882540
0.853083670
0.853284800
0.853485930
0.853686570
0.853887700
0.854088830
0.854289960
0.854490600
0.854691730
0.854892860
0.855093990
0.855294630
0.855495760
0.855696890
0.855898020
0.856098660
0.856299790
0.856500920
0.856702050
0.856902690
0.857103820
0.857304950
0.857506080
0.857706720
0.857907850
0.858108980
0.858310110
0.858510750
0.858711880
0.858913010
0.859114140
0.859314780
0.859515910
0.859717040
0.859918170
0.860118810
0.860319940
0.860521070
0.860722200
0.860922840
0.861123970
0.861325100
0.861526230
0.861726870
0.861928000
0.862129130
0.862330260
0.862531390
0.862732030
0.862933160
0.863134290
0.863335420
0.863536060
0.863737190
0.863938320
0.864139450
0.864340090
0.864541220
0.864742350
0.864943480
0.865144120
0.865345250
0.865546380
0.865747510
0.865948150
0.866149280
0.866350410
0.866551540
0.866752180
0.866953310
0.867154440
0.867355570
0.867556210
0.867757340
0.867958470
0.868159600
0.868360240
0.868561370
0.868762500
0.868963630
0.869164270
0.869365400
0.869566530
0.869767660
0.869968300
0.870169430
0.870370560
0.870571690
0.870772330
0.870973460
0.871174590
0.871375720
0.871576360
0.871777490
0.871978620
0.872179750
0.872380390
0.872581520
0.872782650
0.872983780
0.873184420
0.873385550
0.873586680
0.873787810
0.873988450
0.874189580
0.874390710
0.874591840
0.874792480
0.874993610
0.875194740
0.875395870
0.875596510
0.875797640
0.875998770
0.876199900
0.876401030
0.876601670
0.876802800
0.877003930
0.877205060
0.877405700
0.877606830
0.877807960
0.878009090
0.878209730
0.878410860
0.878611990
0.878813120
0.879013760
0.879214890
0.879416020
0.879617150
0.879817790
0.880018920
0.880220050
0.880421180
0.880621820
0.880822950
0.881024080
0.881225210
0.881425850
0.881626980
0.881828110
0.882029240
0.882229880
0.882431010
0.882632140
0.882833270
0.883033910
0.883235040
0.883436170
0.883637300
0.883837940
0.884039070
0.884240200
0.884441330
0.884641970
0.884843100
0.885044230
0.885245360
0.885446000
0.885647130
0.885848260
0.886049390
0.886250030
0.886451160
0.886652290
0.886853420
0.887054060
0.887255190
0.887456320
0.887657450
0.887858090
0.888059220
0.888260350
0.888461480
0.888662120
0.888863250
0.889064380
0.889265510
0.889466640
0.889667280
0.889868410
0.890069540
0.890270670
0.890471310
0.890672440
0.890873570
0.891074700
0.891275340
0.891476470
0.891677600
0.891878730
0.892079370
0.892280500
0.892481630
0.892682760
0.892883400
0.893084530
0.893285660
0.893486790
0.893687430
0.893888560
0.894089690
0.894290820
0.894491460
0.894692590
0.894893720
0.895094850
0.895295490
0.895496620
0.895697750
0.895898880
0.896099520
0.896300650
0.896501780
0.896702910
0.896903550
0.897104680
0.897305810
0.897506940
0.897707580
0.897908710
0.898109840
0.898310970
0.898511610
