0.000000000
0.000191068
0.000382136
0.000573204
0.000763782
0.000954850
0.001145918
0.001336986
0.001527564
0.001718632
0.001909700
0.002100768
0.002291346
0.002482414
0.002673482
0.002864550
0.003055128
0.003246196
0.003437264
0.003628332
0.003818910
0.004009978
0.004201046
0.004392114
0.004582692
0.004773760
0.004964828
0.005155896
0.005346474
0.005537542
0.005728610
0.005919678
0.006110256
0.006301324
0.006492392
0.006683460
0.006874038
0.007065106
0.007256174
0.007447242
0.007637820
0.007828888
0.008019956
0.008211024
0.008401602
0.008592670
0.008783738
0.008974806
0.009165384
0.009356452
0.009547520
0.009738588
0.009929166
0.010120234
0.010311302
0.010502370
0.010693438
0.010884016
0.011075084
0.011266152
0.011457220
0.011647798
0.011838866
0.012029934
0.012221002
0.012411580
0.012602648
0.012793716
0.012984784
0.013175362
0.013366430
0.013557498
0.013748566
0.013939144
0.014130212
0.014321280
0.014512348
0.014702926
0.014893994
0.015085062
0.015276130
0.015466708
0.015657776
0.015848844
0.016039912
0.016230490
0.016421558
0.016612626
0.016803694
0.016994272
0.017185340
0.017376408
0.017567476
0.017758054
0.017949122
0.018140190
0.018331258
0.018521836
0.018712904
0.018903972
0.019095040
0.019285618
0.019476686
0.019667754
0.019858822
0.020049400
0.020240468
0.020431536
0.020622604
0.020813182
0.021004250
0.021195318
0.021386386
0.021576964
0.021768032
0.021959100
0.022150168
0.022340746
0.022531814
0.022722882
0.022913950
0.023105018
0.023295596
0.023486664
0.023677732
0.023868800
0.024059378
0.024250446
0.024441514
0.024632582
0.024823160
0.025014228
0.025205296
0.025396364
0.025586942
0.025778010
0.025969078
0.026160146
0.026350724
0.026541792
0.026732860
0.026923928
0.027114506
0.027305574
0.027496642
0.027687710
0.027878288
0.028069356
0.028260424
0.028451492
0.028642070
0.028833138
0.029024206
0.029215274
0.029405852
0.029596920
0.029787988
0.029979056
0.030169634
0.030360702
0.030551770
0.030742838
0.030933416
0.031124484
0.031315552
0.031506620
0.031697198
0.031888266
0.032079334
0.032270402
0.032460980
0.032652048
0.032843116
0.033034184
0.033224762
0.033415830
0.033606898
0.033797966
0.033988544
0.034179612
0.034370680
0.034561748
0.034752326
0.034943394
0.035134462
0.035325530
0.035516598
0.035707176
0.035898244
0.036089312
0.036280380
0.036470958
0.036662026
0.036853094
0.037044162
0.037234740
0.037425808
0.037616876
0.037807944
0.037998522
0.038189590
0.038380658
0.038571726
0.038762304
0.038953372
0.039144440
0.039335508
0.039526086
0.039717154
0.039908222
0.040099290
0.040289868
0.040480936
0.040672004
0.040863072
0.041053650
0.041244718
0.041435786
0.041626854
0.041817432
0.042008500
0.042199568
0.042390636
0.042581214
0.042772282
0.042963350
0.043154418
0.043344996
0.043536064
0.043727132
0.043918200
0.044108778
0.044299846
0.044490914
0.044681982
0.044872560
0.045063628
0.045254696
0.045445764
0.045636342
0.045827410
0.046018478
0.046209546
0.046400124
0.046591192
0.046782260
0.046973328
0.047163906
0.047354974
0.047546042
0.047737110
0.047927688
0.048118756
0.048309824
0.048500892
0.048691960
0.048882538
0.049073606
0.049264674
0.049455742
0.049646320
0.049837388
0.050028456
0.050219524
0.050410102
0.050601170
0.050792238
0.050983306
0.051173884
0.051364952
0.051556020
0.051747088
0.051937666
0.052128734
0.052319802
0.052510870
0.052701448
0.052892516
0.053083584
0.053274652
0.053465230
0.053656298
0.053847366
0.054038434
0.054229012
0.054420080
0.054611148
0.054802216
0.054992794
0.055183862
0.055374930
0.055565998
0.055756576
0.055947644
0.056138712
0.056329780
0.056520358
0.056711426
0.056902494
0.057093562
0.057284140
0.057475208
0.057666276
0.057857344
0.058047922
0.058238990
0.058430058
0.058621126
0.058811704
0.059002772
0.059193840
0.059384908
0.059575486
0.059766554
0.059957622
0.060148690
0.060339268
0.060530336
0.060721404
0.060912472
0.061103540
0.061294118
0.061485186
0.061676254
0.061867322
0.062057900
0.062248968
0.062440036
0.062631104
0.062821682
0.063012750
0.063203818
0.063394886
0.063585464
0.063776532
0.063967600
0.064158668
0.064349246
0.064540314
0.064731382
0.064922450
0.065113028
0.065304096
0.065495164
0.065686232
0.065876810
0.066067878
0.066258946
0.066450014
0.066640592
0.066831660
0.067022728
0.067213796
0.067404374
0.067595442
0.067786510
0.067977578
0.068168156
0.068359224
0.068550292
0.068741360
0.068931938
0.069123006
0.069314074
0.069505142
0.069695720
0.069886788
0.070077856
0.070268924
0.070459502
0.070650570
0.070841638
0.071032706
0.071223284
0.071414352
0.071605420
0.071796488
0.071987066
0.072178134
0.072369202
0.072560270
0.072750848
0.072941916
0.073132984
0.073324052
0.073515120
0.073705698
0.073896766
0.074087834
0.074278902
0.074469480
0.074660548
0.074851616
0.075042684
0.075233262
0.075424330
0.075615398
0.075806466
0.075997044
0.076188112
0.076379180
0.076570248
0.076760826
0.076951894
0.077142962
0.077334030
0.077524608
0.077715676
0.077906744
0.078097812
0.078288390
0.078479458
0.078670526
0.078861594
0.079052172
0.079243240
0.079434308
0.079625376
0.079815954
0.080007022
0.080198090
0.080389158
0.080579736
0.080770804
0.080961872
0.081152940
0.081343518
0.081534586
0.081725654
0.081916722
0.082107300
0.082298368
0.082489436
0.082680504
0.082871082
0.083062150
0.083253218
0.083444286
0.083634864
0.083825932
0.084017000
0.084208068
0.084398646
0.084589714
0.084780782
0.084971850
0.085162428
0.085353496
0.085544564
0.085735632
0.085926700
0.086117278
0.086308346
0.086499414
0.086690482
0.086881060
0.087072128
0.087263196
0.087454264
0.087644842
0.087835910
0.088026978
0.088218046
0.088408624
0.088599692
0.088790760
0.088981828
0.089172406
0.089363474
0.089554542
0.089745610
0.089936188
0.090127256
0.090318324
0.090509392
0.090699970
0.090891038
0.091082106
0.091273174
0.091463752
0.091654820
0.091845888
0.092036956
0.092227534
0.092418602
0.092609670
0.092800738
0.092991316
0.093182384
0.093373452
0.093564520
0.093755098
0.093946166
0.094137234
0.094328302
0.094518880
0.094709948
0.094901016
0.095092084
0.095282662
0.095473730
0.095664798
0.095855866
0.096046444
0.096237512
0.096428580
0.096619648
0.096810226
0.097001294
0.097192362
0.097383430
0.097574008
0.097765076
0.097956144
0.098147212
0.098338280
0.098528858
0.098719926
0.098910994
0.099102062
0.099292640
0.099483708
0.099674776
0.099865844
0.100056422
0.100247490
0.100438558
0.100629626
0.100820204
0.101011272
0.101202340
0.101393408
0.101583986
0.101775054
0.101966122
0.102157190
0.102347768
0.102538836
0.102729904
0.102920972
0.103111550
0.103302618
0.103493686
0.103684754
0.103875332
0.104066400
0.104257468
0.104448536
0.104639114
0.104830182
0.105021250
0.105212318
0.105402896
0.105593964
0.105785032
0.105976100
0.106166678
0.106357746
0.106548814
0.106739882
0.106930460
0.107121528
0.107312596
0.107503664
0.107694242
0.107885310
0.108076378
0.108267446
0.108458024
0.108649092
0.108840160
0.109031228
0.109221806
0.109412874
0.109603942
0.109795010
0.109985588
0.110176656
0.110367724
0.110558792
0.110749370
0.110940438
0.111131506
0.111322574
0.111513642
0.111704220
0.111895288
0.112086356
0.112277424
0.112468002
0.112659070
0.112850138
0.113041206
0.113231784
0.113422852
0.113613920
0.113804988
0.113995566
0.114186634
0.114377702
0.114568770
0.114759348
0.114950416
0.115141484
0.115332552
0.115523130
0.115714198
0.115905266
0.116096334
0.116286912
0.116477980
0.116669048
0.116860116
0.117050694
0.117241762
0.117432830
0.117623898
0.117814476
0.118005544
0.118196612
0.118387680
0.118578258
0.118769326
0.118960394
0.119151462
0.119342040
0.119533108
0.119724176
0.119915244
0.120105822
0.120296890
0.120487958
0.120679026
0.120869604
0.121060672
0.121251740
0.121442808
0.121633386
0.121824454
0.122015522
0.122206590
0.122397168
0.122588236
0.122779304
0.122970372
0.123160950
0.123352018
0.123543086
0.123734154
0.123925222
0.124115800
0.124306868
0.124497936
0.124689004
0.124879582
0.125070650
0.125261718
0.125452786
0.125643364
0.125834432
0.126025500
0.126216568
0.126407146
0.126598214
0.126789282
0.126980350
0.127170928
0.127361996
0.127553064
0.127744132
0.127934710
0.128125778
0.128316846
0.128507914
0.128698492
0.128889560
0.129080628
0.129271696
0.129462274
0.129653342
0.129844410
0.130035478
0.130226056
0.130417124
0.130608192
0.130799260
0.130989838
0.131180906
0.131371974
0.131563042
0.131753620
0.131944688
0.132135756
0.132326824
0.132517402
0.132708470
0.132899538
0.133090606
0.133281184
0.133472252
0.133663320
0.133854388
0.134044966
0.134236034
0.134427102
0.134618170
0.134808748
0.134999816
0.135190884
0.135381952
0.135572530
0.135763598
0.135954666
0.136145734
0.136336802
0.136527380
0.136718448
0.136909516
0.137100584
0.137291162
0.137482230
0.137673298
0.137864366
0.138054944
0.138246012
0.138437080
0.138628148
0.138818726
0.139009794
0.139200862
0.139391930
0.139582508
0.139773576
0.139964644
0.140155712
0.140346290
0.140537358
0.140728426
0.140919494
0.141110072
0.141301140
0.141492208
0.141683276
0.141873854
0.142064922
0.142255990
0.142447058
0.142637636
0.142828704
0.143019772
0.143210840
0.143401418
0.143592486
0.143783554
0.143974622
0.144165200
0.144356268
0.144547336
0.144738404
0.144928982
0.145120050
0.145311118
0.145502186
0.145692764
0.145883832
0.146074900
0.146265968
0.146456546
0.146647614
0.146838682
0.147029750
0.147220328
0.147411396
0.147602464
0.147793532
0.147984110
0.148175178
0.148366246
0.148557314
0.148748382
0.148938960
0.149130028
0.149321096
0.149512164
0.149702742
0.149893810
0.150084878
0.150275946
0.150466524
0.150657592
0.150848660
0.151039728
0.151230306
0.151421374
0.151612442
0.151803510
0.151994088
0.152185156
0.152376224
0.152567292
0.152757870
0.152948938
0.153140006
0.153331074
0.153521652
0.153712720
0.153903788
0.154094856
0.154285434
0.154476502
0.154667570
0.154858638
0.155049216
0.155240284
0.155431352
0.155622420
0.155812998
0.156004066
0.156195134
0.156386202
0.156576780
0.156767848
0.156958916
0.157149984
0.157340562
0.157531630
0.157722698
0.157913766
0.158104344
0.158295412
0.158486480
0.158677548
0.158868126
0.159059194
0.159250262
0.159441330
0.159631908
0.159822976
0.160014044
0.160205112
0.160395690
0.160586758
0.160777826
0.160968894
0.161159472
0.161350540
0.161541608
0.161732676
0.161923744
0.162114322
0.162305390
0.162496458
0.162687526
0.162878104
0.163069172
0.163260240
0.163451308
0.163641886
0.163832954
0.164024022
0.164215090
0.164405668
0.164596736
0.164787804
0.164978872
0.165169450
0.165360518
0.165551586
0.165742654
0.165933232
0.166124300
0.166315368
0.166506436
0.166697014
0.166888082
0.167079150
0.167270218
0.167460796
0.167651864
0.167842932
0.168034000
0.168224578
0.168415646
0.168606714
0.168797782
0.168988360
0.169179428
0.169370496
0.169561564
0.169752142
0.169943210
0.170134278
0.170325346
0.170515924
0.170706992
0.170898060
0.171089128
0.171279706
0.171470774
0.171661842
0.171852910
